0textId year verbs innerVerbs afla alege asculta auzi crede cunoaște ferici gândi hotărî iubi mulțumi plânge plăcea privi putea părea simți suferi trebui uita vedea voi vrea înțelege ști 
ROM001 1894 1599 217 10 2 11 25 4 1 1 6 4 2 4 3 1 8 19 9 5 6 14 7 24 2 31 4 14 
ROM002 1894 5745 619 76 13 16 27 16 17 1 14 26 2 22 10 5 12 19 11 11 5 22 15 163 34 18 5 59 
ROM003 1870 4939 693 5 1 11 33 24 16 12 13 0 35 6 16 11 25 48 126 20 7 22 48 112 0 29 8 65 
ROM004 1908 19998 2686 61 51 56 154 87 93 12 44 42 29 44 20 32 26 333 145 62 28 281 148 364 35 193 124 222 
ROM005 1883 4904 903 16 3 33 77 20 19 7 29 1 99 8 36 4 5 62 33 9 7 45 45 169 31 58 11 76 
ROM006 1873 16579 2296 114 41 31 58 97 96 9 55 49 114 46 38 47 15 261 25 64 33 161 59 296 15 275 42 255 
ROM007 1892 5136 798 57 5 18 26 35 21 18 21 20 41 14 23 3 14 75 24 13 27 60 19 122 24 31 19 68 
ROM008 1892 4978 473 25 9 11 19 15 21 1 12 2 10 7 9 19 4 33 14 13 4 12 30 114 6 53 4 26 
ROM009 1906 4189 412 28 0 3 16 24 6 5 10 9 19 2 5 3 4 36 32 27 4 21 17 66 9 17 6 43 
ROM010 1894 10806 1996 24 25 49 79 76 48 36 98 25 72 11 34 21 84 87 169 151 27 58 148 331 7 112 55 169 
ROM011 1872 5199 945 59 7 12 57 47 25 16 3 0 73 9 32 7 3 68 60 38 20 34 57 210 13 12 11 72 
ROM012 1887 9349 1538 76 16 45 80 63 37 12 19 5 41 24 20 9 7 98 46 43 17 95 108 337 49 60 62 169 
ROM013 1865 9011 2125 37 8 53 27 145 58 45 41 9 404 27 85 36 40 124 81 54 30 93 92 220 27 118 48 223 
ROM014 1865 3042 461 9 6 9 16 24 11 17 14 9 17 21 3 9 11 36 17 5 4 35 19 64 8 24 16 57 
ROM015 1861 3748 598 22 6 11 20 35 21 14 11 8 59 2 5 9 8 36 13 10 14 49 34 102 22 16 18 53 
ROM016 1855 6309 1276 42 7 29 44 67 43 21 20 9 126 18 26 18 22 115 52 20 19 76 32 187 36 78 37 132 
ROM017 1862 12488 2226 82 22 35 67 165 71 21 48 6 249 34 38 60 33 294 90 50 56 119 70 252 70 70 62 162 
ROM018 1864 10597 1665 65 16 37 62 106 56 10 49 20 86 19 18 13 22 157 41 38 35 171 39 239 65 66 76 159 
ROM019 1920 6545 1078 25 11 18 29 55 43 13 46 24 25 10 9 19 57 133 53 40 20 66 30 138 22 57 33 102 
ROM020 1920 6972 991 26 28 17 36 38 52 6 48 13 19 15 8 11 42 81 79 38 15 55 25 135 11 63 25 105 
ROM021 1920 4128 716 26 7 14 21 42 23 3 39 15 21 11 21 7 24 89 29 42 11 28 25 86 11 38 23 60 
ROM022 1894 5075 755 22 12 18 50 22 15 2 19 4 14 5 9 6 10 86 30 10 13 53 29 134 16 61 15 100 
ROM023 1892 3984 514 14 4 10 34 18 9 3 14 11 16 3 3 12 25 36 30 16 5 36 29 75 3 60 8 40 
ROM024 1912 18085 2205 124 46 75 111 87 88 6 61 40 36 40 46 15 133 118 108 76 12 133 62 263 42 151 73 259 
ROM025 1862 26259 4636 296 27 127 138 289 219 41 136 67 156 165 45 63 114 242 157 76 67 407 157 765 154 108 152 468 
ROM026 1899 6328 944 39 4 21 50 19 12 10 37 7 60 12 39 8 18 53 32 15 2 71 51 186 25 72 19 82 
ROM027 1896 7087 998 106 20 12 49 64 32 5 0 8 14 8 10 7 11 91 45 22 17 17 35 225 13 84 39 64 
ROM028 1898 9872 1478 9 9 25 86 45 37 9 85 0 41 18 70 21 67 91 111 137 35 45 102 262 56 34 36 47 
ROM029 1881 7962 1031 21 24 17 14 35 18 7 23 21 14 15 9 15 21 155 50 19 10 95 56 79 43 113 32 125 
ROM030 1903 7028 1365 6 16 46 37 64 24 41 47 15 159 11 15 12 48 41 97 72 19 108 70 197 45 48 8 119 
ROM031 1861 16952 2495 154 5 36 39 165 126 138 51 7 245 54 37 39 23 147 54 82 28 224 73 348 90 130 28 172 
ROM032 1890 3722 598 10 5 11 21 25 30 10 25 12 19 12 2 10 16 35 26 6 8 44 25 92 6 69 16 63 
ROM033 1920 2227 290 32 4 3 23 21 8 0 2 0 1 0 1 0 6 18 9 6 1 25 12 55 10 11 6 36 
ROM034 1855 7024 1096 43 8 37 55 48 42 27 18 6 24 11 42 17 15 149 59 27 37 57 51 140 58 20 21 84 
ROM035 1908 5163 632 2 26 20 34 14 12 4 21 6 21 6 36 6 19 60 13 28 8 45 55 82 2 37 23 52 
ROM036 1902 7668 1531 2 8 37 40 110 16 43 44 11 194 8 40 10 44 71 139 87 33 70 119 178 67 43 13 104 
ROM037 1893 8760 1117 46 22 9 58 60 35 5 40 18 34 28 16 12 4 152 21 25 12 46 53 189 4 131 20 77 
ROM038 1902 7293 799 15 9 19 27 33 23 9 4 13 52 5 67 2 92 58 42 62 16 36 4 85 7 41 23 55 
ROM039 1882 4517 599 19 9 19 2 34 11 19 39 13 20 9 21 10 5 49 19 19 12 35 26 57 69 12 33 38 
ROM040 1912 11151 1956 26 30 62 130 67 80 27 42 11 76 18 52 40 19 125 50 36 23 79 92 286 23 187 42 333 
ROM041 1873 10254 1624 35 16 21 48 62 55 29 77 21 128 20 17 30 19 99 90 93 23 122 76 262 36 76 25 144 
ROM042 1906 8063 1129 17 11 28 43 25 35 7 30 6 8 7 27 11 8 45 88 41 2 45 148 227 0 133 31 106 
ROM043 1858 7762 1158 84 1 26 72 39 76 12 29 28 46 27 6 7 20 99 52 26 36 103 20 135 57 57 16 84 
ROM044 1873 9799 1170 53 24 45 70 51 53 20 18 6 74 3 32 28 33 87 49 24 13 47 81 186 60 66 45 2 
ROM045 1863 10741 1475 96 41 40 53 63 80 11 40 15 47 32 15 28 61 160 36 33 27 42 25 240 79 29 47 135 
ROM046 1855 1812 188 5 7 9 17 7 5 4 2 0 6 4 3 2 5 20 2 5 0 9 4 23 0 25 9 15 
ROM047 1903 17599 2038 134 25 43 143 73 83 14 44 20 51 23 48 11 59 118 182 113 52 100 97 239 28 148 54 136 
ROM048 1891 8732 768 6 8 38 30 26 14 4 19 20 3 11 11 2 16 50 18 30 5 33 77 139 14 84 25 85 
ROM049 1882 1648 223 0 3 9 17 5 5 0 7 0 0 1 8 4 2 6 6 6 0 11 25 62 0 16 2 28 
ROM050 1885 4570 471 4 9 43 18 19 10 3 10 6 12 13 8 4 6 29 14 18 6 25 46 64 8 48 18 30 
ROM051 1883 6056 798 7 6 22 37 20 16 10 19 0 78 10 28 7 22 99 44 23 6 36 39 141 8 63 30 27 
ROM052 1907 5246 837 9 14 26 36 16 12 12 54 4 2 11 16 6 20 60 75 32 7 20 106 113 7 69 39 71 
ROM053 1902 7208 1278 14 2 22 51 46 23 10 52 16 54 16 16 18 41 91 111 74 7 82 139 126 14 105 43 105 
ROM054 1904 11702 949 18 10 32 103 15 12 19 11 20 7 21 32 2 69 51 107 21 1 32 52 207 19 19 8 61 
ROM055 1906 8069 951 26 4 31 90 21 23 15 22 19 20 13 49 1 51 51 107 44 1 41 49 160 14 33 15 51 
ROM056 1904 34177 4831 339 124 92 275 193 192 43 88 170 121 83 20 37 112 413 158 132 41 350 168 921 71 156 92 440 
ROM057 1912 10947 1291 78 31 23 94 45 45 6 11 47 28 23 5 21 25 108 41 24 14 47 73 288 19 30 26 139 
ROM058 1889 5759 962 36 6 24 38 66 41 11 13 3 70 25 19 10 17 68 44 36 17 42 35 98 88 10 31 114 
ROM059 1907 18642 3071 32 60 66 118 172 72 61 102 17 84 37 37 56 43 201 142 95 55 213 165 548 44 232 33 386 
ROM060 1903 23190 3806 44 41 74 103 270 41 66 113 30 127 40 74 84 75 319 245 177 68 291 183 595 62 322 91 271 
ROM061 1906 19231 3229 76 48 65 108 152 76 24 137 29 89 31 37 39 98 171 210 181 41 226 184 538 54 230 48 337 
ROM062 1887 8705 898 13 22 26 84 46 14 5 2 1 26 3 2 4 33 87 75 21 23 154 88 62 50 41 1 15 
ROM063 1898 10926 1204 41 27 44 115 55 29 5 8 5 33 5 3 7 28 170 29 20 2 168 70 163 25 123 4 25 
ROM064 1909 1876 259 29 15 0 4 7 15 1 11 8 12 0 9 0 5 21 5 11 6 19 2 37 3 11 3 25 
ROM065 1920 4456 704 8 6 18 13 42 49 11 17 7 52 9 12 18 43 33 58 45 4 28 28 57 26 26 35 59 
ROM066 1913 3747 516 26 4 7 33 23 15 11 20 12 30 11 7 5 45 20 24 47 8 11 15 76 5 15 8 38 
ROM067 1864 3597 460 23 9 14 20 26 16 0 11 2 16 9 6 16 5 18 29 7 2 17 22 81 6 24 18 63 
ROM068 1913 17679 2754 103 58 48 73 128 143 26 85 43 75 70 24 56 91 197 146 145 44 155 102 362 61 100 127 292 
ROM069 1908 16032 3781 46 41 60 139 113 57 30 178 53 147 62 106 122 74 279 222 97 35 225 228 565 48 320 77 457 
ROM070 1920 9658 1573 37 35 51 69 52 63 20 44 20 54 18 65 25 12 109 54 35 29 68 58 222 21 137 59 216 
ROM071 1906 18153 3745 95 44 13 34 78 58 31 83 60 52 28 94 38 12 694 90 135 37 234 295 588 131 139 108 574 
ROM072 1902 13444 1926 82 65 39 33 28 22 13 45 23 19 24 27 30 14 364 23 67 32 114 110 313 87 92 56 204 
ROM073 1920 12471 2258 78 43 23 28 66 35 10 51 22 16 12 43 22 17 410 66 42 21 124 195 273 65 159 58 379 
ROM074 1910 16831 2138 65 57 22 89 94 75 27 60 41 75 29 18 57 45 196 72 54 20 164 70 360 20 92 62 274 
ROM075 1914 11547 1456 59 20 19 60 94 54 12 37 27 54 23 10 28 19 141 51 22 12 113 53 226 27 70 46 179 
ROM076 1920 28129 4035 66 72 93 215 126 76 35 187 55 78 90 78 71 93 255 213 248 38 301 286 532 24 330 109 364 
ROM077 1914 29917 4989 134 94 81 248 276 117 75 241 65 50 65 45 107 183 411 581 326 47 281 128 635 46 155 137 461 
ROM078 1912 18240 2191 91 58 18 53 92 96 16 36 44 106 40 21 33 40 223 79 65 40 153 74 322 24 153 63 251 
ROM079 1904 9407 1506 42 12 39 69 56 41 12 71 21 23 24 19 7 39 83 67 98 21 125 47 229 23 109 52 177 
ROM080 1883 13525 1885 86 21 33 80 133 28 18 41 14 35 18 18 23 27 136 135 58 36 178 81 265 121 69 79 152 
ROM081 1916 3136 406 8 2 10 15 16 22 3 6 12 0 1 3 3 7 41 26 21 2 34 18 69 8 36 4 39 
ROM082 1906 11161 2011 8 26 26 31 69 77 65 69 17 108 23 33 31 41 142 114 153 38 134 90 258 40 152 68 198 
ROM083 1918 6452 983 37 7 19 36 28 43 20 32 11 22 23 19 11 59 72 53 66 22 92 26 119 8 74 20 64 
ROM084 1899 3191 361 47 8 5 8 18 19 0 1 2 9 0 1 1 21 38 21 6 4 39 16 41 19 6 8 23 
ROM085 1911 18207 2492 128 29 52 91 140 165 43 71 22 100 75 92 36 146 102 124 118 78 1 75 344 75 105 58 222 
ROM086 1871 5500 684 19 7 31 11 46 23 15 20 7 46 11 13 7 20 35 41 14 9 47 24 91 16 25 27 79 
ROM087 1916 4944 885 18 4 14 17 33 20 11 32 17 43 11 23 14 32 68 45 62 32 44 46 123 13 48 20 95 
ROM088 1899 4509 750 14 8 15 24 33 7 21 27 6 74 12 21 17 14 65 47 45 5 49 34 108 19 33 18 34 
ROM089 1875 4922 870 30 0 15 10 36 16 16 19 3 133 8 22 10 24 72 37 25 10 39 43 169 43 25 18 47 
ROM090 1908 6429 831 10 13 18 31 35 15 15 12 13 25 7 20 25 45 38 52 31 17 45 69 120 1 76 4 94 
ROM091 1920 7103 1039 28 13 29 28 58 21 7 15 23 7 8 22 13 31 74 85 41 15 67 89 128 3 99 9 126 
ROM092 1910 6964 891 15 25 27 44 54 6 9 11 10 13 4 36 15 17 26 57 36 14 41 85 136 0 100 5 105 
ROM093 1911 5289 1108 7 2 11 11 45 22 32 52 12 86 8 10 16 10 101 101 51 28 57 126 90 13 83 44 90 
ROM094 1903 2831 431 4 0 5 17 23 19 3 11 4 3 1 38 2 12 33 26 17 3 11 21 82 9 17 13 57 
ROM095 1862 27647 3563 306 36 79 45 278 84 59 0 0 153 55 38 77 42 311 136 83 79 104 161 419 73 501 135 309 
ROM096 1853 3821 618 6 15 17 40 12 35 4 22 13 32 14 8 8 13 32 9 12 10 44 32 116 11 45 19 49 
ROM097 1860 11463 1377 12 9 20 37 63 46 44 3 0 277 16 0 26 57 84 89 76 14 72 64 185 68 26 31 58 
ROM098 1871 6605 674 42 0 22 24 59 19 16 3 12 51 15 12 7 1 35 10 8 3 81 21 104 28 33 0 68 
ROM099 1876 16359 1705 143 84 37 10 99 43 80 53 0 92 0 18 29 56 219 62 18 20 210 61 74 89 74 0 134 
ROM100 1863 11458 1514 198 23 35 89 47 80 12 16 17 60 22 0 15 27 87 54 25 16 27 59 290 81 77 44 113 
