0textId year verbs innerVerbs bati gledati hoteti ljubiti misliti morati moči pogledati pričakovati skleniti skrbeti skrbeti slišati smeti trpeti upati vedeti videti zdeti želeti 
SLV00024 1891 11957 1541 43 67 167 37 132 181 163 37 12 26 29 29 49 61 11 16 233 153 65 30 
SLV00048 1896 6766 728 17 22 89 65 37 96 108 23 5 5 10 10 8 24 9 5 81 72 20 22 
SLV00058 1883 5338 680 13 45 87 47 36 58 85 28 14 1 3 3 2 17 0 5 144 66 11 15 
SLV00072 1897 8747 960 21 29 157 52 80 117 134 32 18 16 11 11 55 18 23 14 77 87 2 6 
SLV00090 1894 6329 840 38 34 52 6 68 58 85 40 4 7 14 14 15 15 3 16 213 106 39 13 
SLV00092 1892 5228 600 11 24 75 7 80 25 70 23 4 11 8 8 7 14 4 14 127 49 26 13 
SLV00094 1881 9812 1350 30 99 227 25 94 108 105 31 52 31 22 22 69 38 18 31 176 125 14 33 
SLV00098 1883 5937 638 16 18 123 9 41 66 68 14 17 17 12 12 5 8 4 26 131 47 1 3 
SLV00099 1877 9522 1219 23 61 176 27 55 133 129 99 9 9 14 14 4 51 13 19 254 115 5 9 
SLV00103 1883 4521 570 4 20 78 30 40 76 75 17 10 6 5 5 1 21 7 10 100 61 0 4 
SLV00111 1891 10200 1101 53 77 83 12 94 115 122 35 14 30 28 28 30 33 9 19 140 91 66 22 
SLV00112 1885 6986 701 20 50 76 19 46 80 79 33 14 15 3 3 31 19 3 20 85 65 28 12 
SLV00122 1870 11889 1599 41 33 157 25 142 151 172 37 34 44 15 15 36 26 23 71 275 195 82 25 
SLV00126 1892 5749 889 38 29 160 13 57 71 102 30 17 10 15 15 29 19 17 18 126 85 23 15 
SLV00132 1895 5230 649 16 56 86 6 46 38 72 35 8 2 3 3 47 9 0 3 106 65 38 10 
SLV00135 1894 13919 1957 50 111 250 29 155 103 251 46 49 79 38 38 71 57 17 70 207 167 69 100 
SLV00136 1891 4929 445 7 40 76 2 17 55 54 11 10 6 1 1 4 38 4 2 42 63 5 7 
SLV00172 1883 10780 1608 44 110 213 66 154 150 227 36 51 13 16 16 25 33 16 31 167 160 50 30 
SLV00174 1893 12403 1450 33 126 98 15 64 193 262 30 32 3 13 13 9 109 18 6 139 192 45 50 
SLV00187 1885 3919 456 11 22 58 17 33 48 61 7 11 4 4 4 1 21 0 3 80 41 13 17 
SLV00194 1876 4881 606 13 44 59 28 39 60 62 36 8 5 7 7 9 13 4 3 121 74 9 5 
SLV00216 1881 7426 1099 29 72 136 34 79 85 120 34 5 16 4 4 47 21 0 15 229 122 36 11 
SLV00217 1886 6128 925 39 59 138 26 46 90 115 30 8 14 5 5 60 38 2 18 85 98 32 17 
SLV00227 1887 4371 640 8 52 67 63 35 73 95 11 6 0 9 9 4 14 10 8 92 61 11 12 
SLV00231 1885 6246 975 24 71 158 41 55 88 96 58 6 7 14 14 1 31 18 22 138 92 20 21 
SLV00234 1896 3771 618 20 13 64 43 32 50 84 21 3 6 6 6 0 21 16 8 83 69 40 33 
SLV00240 1897 8419 1126 39 24 151 36 59 92 150 56 13 11 7 7 3 38 21 40 153 116 62 48 
SLV00273 1899 6334 756 30 65 72 28 37 115 76 41 4 9 10 10 4 21 17 17 92 72 25 11 
SLV00278 1897 13120 1452 36 94 148 35 130 204 143 82 16 29 19 19 39 53 21 27 144 104 88 21 
SLV00279 1877 8171 1366 22 60 146 27 141 128 142 45 5 6 13 13 73 51 5 22 217 169 67 14 
SLV00310 1903 5581 691 11 77 83 10 25 33 81 57 4 4 2 2 35 14 3 14 90 96 45 5 
SLV00324 1917 4116 492 8 19 79 7 34 53 66 27 5 2 1 1 2 19 5 7 82 63 11 1 
SLV00325 1916 5024 816 20 82 105 7 95 73 62 50 8 3 5 5 28 12 1 5 99 109 43 4 
SLV00345 1909 6846 924 10 63 77 60 80 65 98 61 2 11 4 4 30 15 5 8 131 153 41 6 
SLV00352 1910 9722 1133 28 114 144 47 43 98 78 78 11 9 7 7 48 49 16 18 171 111 34 22 
SLV00355 1917 10693 1301 34 87 172 44 72 172 151 99 10 14 3 3 40 23 5 25 96 131 109 11 
SLV00363 1882 9911 1349 50 82 163 18 146 145 130 59 1 14 5 5 61 17 12 9 228 148 50 6 
SLV00364 1908 7551 857 17 54 108 14 67 96 69 52 8 8 11 11 32 23 18 11 118 88 42 10 
SLV00373 1900 10094 1970 40 92 204 139 159 144 198 97 9 13 40 40 39 25 14 14 369 228 84 22 
SLV00391 1909 11243 1782 53 68 206 34 119 166 226 49 25 9 14 14 55 45 29 36 308 181 93 52 
SLV00398 1906 6120 855 9 134 50 15 134 35 51 79 2 1 2 2 26 17 1 12 114 118 46 7 
SLV00401 1902 9086 1093 41 246 54 20 106 32 75 80 13 0 15 15 64 8 2 29 87 142 52 12 
SLV00406 1905 13590 1679 18 129 262 60 125 181 191 65 23 14 10 10 7 71 14 28 252 186 15 18 
SLV00410 1901 5774 865 28 122 39 30 120 31 63 66 5 0 7 7 24 7 5 27 92 109 67 16 
SLV00417 1915 12131 1322 35 97 132 22 123 70 124 49 2 11 13 13 72 27 12 12 239 235 30 4 
SLV00421 1895 4668 679 7 41 73 12 80 69 77 44 3 7 3 3 37 12 0 13 86 65 30 17 
SLV00425 1901 4537 466 8 35 82 7 12 59 43 9 10 4 5 5 19 18 4 24 33 53 28 8 
SLV00452 1903 8936 1207 25 82 173 21 79 109 127 48 26 22 6 6 52 36 6 17 171 150 20 31 
SLV00454 1904 9687 1287 18 101 160 36 75 198 141 53 35 25 6 6 38 26 5 19 186 134 10 15 
SLV00455 1904 9258 1052 33 46 144 37 71 121 152 19 6 7 8 8 49 28 13 27 115 127 34 7 
SLV00456 1910 4875 675 22 29 91 15 47 52 103 19 8 6 2 2 40 21 5 8 110 69 13 13 
SLV00458 1904 9328 1109 22 27 133 44 78 124 172 29 17 18 21 21 35 25 11 21 162 107 22 20 
SLV00459 1907 13715 1657 35 57 216 40 109 217 275 30 14 37 16 16 42 67 4 39 216 151 43 33 
SLV00460 1909 7618 1282 21 79 164 84 89 124 202 39 17 0 10 10 41 23 12 34 134 143 41 15 
SLV00461 1909 6214 943 20 20 132 76 51 89 150 25 5 4 7 7 28 33 3 18 147 61 39 28 
SLV00473 1895 8855 1122 19 99 104 42 77 111 86 57 12 5 7 7 63 31 7 8 184 139 44 20 
SLV00476 1917 4930 568 8 61 36 24 28 64 61 49 8 3 4 4 29 7 2 8 51 70 41 10 
SLV00478 1918 6619 903 22 86 128 19 60 48 73 38 2 6 8 8 63 27 9 17 146 109 27 7 
SLV00483 1913 18421 2347 48 95 301 30 156 249 283 95 13 31 11 11 106 53 8 46 389 317 75 30 
SLV00496 1904 9750 1103 37 95 97 33 63 105 89 96 3 17 11 11 51 43 18 16 143 96 53 26 
SLV00497 1903 4787 566 24 75 33 17 31 47 47 55 0 9 6 6 14 21 11 10 57 59 34 10 
SLV00498 1912 8440 775 17 70 52 11 34 55 60 105 3 13 16 16 33 15 7 20 117 86 34 11 
SLV00502 1905 5504 573 5 76 53 32 36 62 39 27 3 1 6 6 30 10 4 10 70 67 20 16 
SLV00506 1909 16207 1769 63 202 295 56 63 124 118 85 17 17 20 20 72 97 39 30 176 206 31 38 
SLV00526 1911 15919 1804 64 219 108 92 82 210 197 111 20 16 9 9 95 59 12 39 111 234 91 26 
SLV10001 1904 4319 486 12 135 33 4 40 4 39 23 2 2 4 4 33 4 3 13 46 65 15 5 
SLV10002 1876 5700 633 22 117 47 22 23 81 51 18 5 11 11 11 28 18 5 7 55 79 12 10 
SLV10003 1836 5992 872 8 52 103 26 55 89 105 14 1 7 24 24 42 21 22 12 128 109 14 16 
SLV10004 1905 5468 723 15 58 150 11 34 86 61 34 7 5 5 5 8 16 4 2 96 72 35 19 
SLV10005 1907 23124 1585 55 117 115 104 74 172 137 102 5 36 19 19 48 65 18 62 210 140 51 36 
SLV10006 1910 5992 1133 28 62 215 35 55 95 158 60 38 24 5 5 39 7 7 13 87 122 55 23 
SLV10007 1866 10854 1902 42 69 196 34 173 161 202 50 7 8 20 20 68 63 5 28 403 256 65 32 
SLV10008 1876 3424 594 8 34 59 25 50 62 66 31 4 4 4 4 17 26 1 13 89 64 25 8 
SLV10009 1876 5235 865 23 39 117 15 70 111 112 21 7 6 2 2 25 32 7 18 113 104 29 12 
SLV10010 1873 3162 481 19 17 72 10 32 53 72 16 5 5 6 6 4 13 2 11 57 56 16 9 
SLV10011 1877 3614 593 11 44 79 20 42 52 65 20 1 1 6 6 17 23 7 11 85 80 17 6 
SLV10012 1884 5532 546 19 11 125 15 26 58 66 6 19 16 4 4 3 11 4 33 58 60 0 8 
SLV10013 1904 3966 518 8 34 57 25 49 36 43 15 4 4 9 9 16 17 7 7 87 69 17 5 
SLV10014 1907 6049 1014 21 62 70 95 124 69 69 48 2 2 5 5 40 10 8 12 142 122 81 27 
SLV10015 1914 9003 1251 68 75 79 36 123 120 137 29 12 6 16 16 33 29 17 32 210 137 55 21 
SLV10016 1886 10952 1480 21 99 140 46 117 163 122 21 11 18 17 17 71 45 10 43 222 183 86 28 
SLV10017 1903 44507 6358 181 326 1044 142 470 1006 772 249 94 42 52 52 282 213 66 108 560 561 81 57 
SLV10018 1913 26876 3037 96 251 371 30 147 337 318 136 27 27 30 30 151 133 15 19 369 307 192 51 
SLV10019 1917 12615 1310 40 128 107 16 92 152 75 84 14 24 29 29 42 32 12 24 181 151 55 23 
SLV10020 1898 6316 977 21 59 128 41 93 103 107 42 8 9 8 8 35 27 6 21 117 99 30 15 
SLV10021 1896 3491 516 19 27 43 22 37 36 59 23 2 6 3 3 5 14 11 15 85 56 28 22 
SLV10022 1910 5123 554 10 65 61 34 43 44 74 26 6 9 4 4 15 9 2 3 57 62 22 4 
SLV10023 1870 4369 872 8 76 74 23 52 66 149 21 4 2 11 11 22 26 21 18 98 138 35 17 
SLV10024 1875 8136 1529 43 66 155 25 85 138 178 36 2 5 33 33 55 72 22 35 275 182 69 20 
SLV10025 1876 8358 1593 54 104 124 81 86 65 207 50 10 8 19 19 25 75 29 48 230 256 68 35 
SLV10026 1919 8941 1061 19 76 180 9 56 145 121 33 17 8 16 16 15 35 11 28 159 100 12 5 
SLV10027 1911 5360 678 11 24 97 4 34 83 67 41 11 11 10 10 27 35 6 14 85 77 29 2 
SLV10028 1889 8374 1002 24 42 104 13 62 118 105 54 16 6 9 9 60 20 17 29 106 128 51 29 
SLV10029 1889 4728 626 11 34 111 31 46 46 78 17 7 8 7 7 3 18 0 3 94 71 26 8 
SLV10030 1921 17360 1811 51 106 184 98 96 226 202 36 27 20 25 25 81 76 17 46 175 230 53 37 
SLV10031 1911 21369 3492 55 180 526 172 322 239 386 57 49 42 20 20 121 34 18 92 331 419 319 90 
SLV10032 1900 13907 2110 42 67 264 57 185 233 308 39 33 10 20 20 44 29 32 34 323 244 96 30 
SLV20001 1859 4418 521 15 39 92 14 34 55 54 23 7 0 6 6 14 12 3 7 53 83 2 2 
SLV20002 1884 4838 655 20 40 101 16 55 61 108 26 13 11 8 8 20 14 4 7 65 55 17 6 
SLV30001 1913 4403 740 14 50 80 41 88 76 62 39 1 1 1 1 30 5 4 4 97 114 29 3 
