0textId year verbs innerVerbs vedeti:cognition misliti:cognition zdeti:cognition hoteti:volition želeti:volition upati:volition pričakovati:volition moči:moral morati:moral smeti:moral skleniti:cognition videti:perception gledati:perception pogledati:perception slišati:perception ljubiti:affect bati:affect skrbeti:affect skrbeti:affect trpeti:affect 
SLV00024 1891 11957 1541 233 132 65 167 30 16 12 163 181 61 26 153 67 37 49 37 43 29 29 11 
SLV00048 1896 6766 728 81 37 20 89 22 5 5 108 96 24 5 72 22 23 8 65 17 10 10 9 
SLV00058 1883 5338 680 144 36 11 87 15 5 14 85 58 17 1 66 45 28 2 47 13 3 3 0 
SLV00072 1897 8747 960 77 80 2 157 6 14 18 134 117 18 16 87 29 32 55 52 21 11 11 23 
SLV00090 1894 6329 840 213 68 39 52 13 16 4 85 58 15 7 106 34 40 15 6 38 14 14 3 
SLV00092 1892 5228 600 127 80 26 75 13 14 4 70 25 14 11 49 24 23 7 7 11 8 8 4 
SLV00094 1881 9812 1350 176 94 14 227 33 31 52 105 108 38 31 125 99 31 69 25 30 22 22 18 
SLV00098 1883 5937 638 131 41 1 123 3 26 17 68 66 8 17 47 18 14 5 9 16 12 12 4 
SLV00099 1877 9522 1219 254 55 5 176 9 19 9 129 133 51 9 115 61 99 4 27 23 14 14 13 
SLV00103 1883 4521 570 100 40 0 78 4 10 10 75 76 21 6 61 20 17 1 30 4 5 5 7 
SLV00111 1891 10200 1101 140 94 66 83 22 19 14 122 115 33 30 91 77 35 30 12 53 28 28 9 
SLV00112 1885 6986 701 85 46 28 76 12 20 14 79 80 19 15 65 50 33 31 19 20 3 3 3 
SLV00122 1870 11889 1599 275 142 82 157 25 71 34 172 151 26 44 195 33 37 36 25 41 15 15 23 
SLV00126 1892 5749 889 126 57 23 160 15 18 17 102 71 19 10 85 29 30 29 13 38 15 15 17 
SLV00132 1895 5230 649 106 46 38 86 10 3 8 72 38 9 2 65 56 35 47 6 16 3 3 0 
SLV00135 1894 13919 1957 207 155 69 250 100 70 49 251 103 57 79 167 111 46 71 29 50 38 38 17 
SLV00136 1891 4929 445 42 17 5 76 7 2 10 54 55 38 6 63 40 11 4 2 7 1 1 4 
SLV00172 1883 10780 1608 167 154 50 213 30 31 51 227 150 33 13 160 110 36 25 66 44 16 16 16 
SLV00174 1893 12403 1450 139 64 45 98 50 6 32 262 193 109 3 192 126 30 9 15 33 13 13 18 
SLV00187 1885 3919 456 80 33 13 58 17 3 11 61 48 21 4 41 22 7 1 17 11 4 4 0 
SLV00194 1876 4881 606 121 39 9 59 5 3 8 62 60 13 5 74 44 36 9 28 13 7 7 4 
SLV00216 1881 7426 1099 229 79 36 136 11 15 5 120 85 21 16 122 72 34 47 34 29 4 4 0 
SLV00217 1886 6128 925 85 46 32 138 17 18 8 115 90 38 14 98 59 30 60 26 39 5 5 2 
SLV00227 1887 4371 640 92 35 11 67 12 8 6 95 73 14 0 61 52 11 4 63 8 9 9 10 
SLV00231 1885 6246 975 138 55 20 158 21 22 6 96 88 31 7 92 71 58 1 41 24 14 14 18 
SLV00234 1896 3771 618 83 32 40 64 33 8 3 84 50 21 6 69 13 21 0 43 20 6 6 16 
SLV00240 1897 8419 1126 153 59 62 151 48 40 13 150 92 38 11 116 24 56 3 36 39 7 7 21 
SLV00273 1899 6334 756 92 37 25 72 11 17 4 76 115 21 9 72 65 41 4 28 30 10 10 17 
SLV00278 1897 13120 1452 144 130 88 148 21 27 16 143 204 53 29 104 94 82 39 35 36 19 19 21 
SLV00279 1877 8171 1366 217 141 67 146 14 22 5 142 128 51 6 169 60 45 73 27 22 13 13 5 
SLV00310 1903 5581 691 90 25 45 83 5 14 4 81 33 14 4 96 77 57 35 10 11 2 2 3 
SLV00324 1917 4116 492 82 34 11 79 1 7 5 66 53 19 2 63 19 27 2 7 8 1 1 5 
SLV00325 1916 5024 816 99 95 43 105 4 5 8 62 73 12 3 109 82 50 28 7 20 5 5 1 
SLV00345 1909 6846 924 131 80 41 77 6 8 2 98 65 15 11 153 63 61 30 60 10 4 4 5 
SLV00352 1910 9722 1133 171 43 34 144 22 18 11 78 98 49 9 111 114 78 48 47 28 7 7 16 
SLV00355 1917 10693 1301 96 72 109 172 11 25 10 151 172 23 14 131 87 99 40 44 34 3 3 5 
SLV00363 1882 9911 1349 228 146 50 163 6 9 1 130 145 17 14 148 82 59 61 18 50 5 5 12 
SLV00364 1908 7551 857 118 67 42 108 10 11 8 69 96 23 8 88 54 52 32 14 17 11 11 18 
SLV00373 1900 10094 1970 369 159 84 204 22 14 9 198 144 25 13 228 92 97 39 139 40 40 40 14 
SLV00391 1909 11243 1782 308 119 93 206 52 36 25 226 166 45 9 181 68 49 55 34 53 14 14 29 
SLV00398 1906 6120 855 114 134 46 50 7 12 2 51 35 17 1 118 134 79 26 15 9 2 2 1 
SLV00401 1902 9086 1093 87 106 52 54 12 29 13 75 32 8 0 142 246 80 64 20 41 15 15 2 
SLV00406 1905 13590 1679 252 125 15 262 18 28 23 191 181 71 14 186 129 65 7 60 18 10 10 14 
SLV00410 1901 5774 865 92 120 67 39 16 27 5 63 31 7 0 109 122 66 24 30 28 7 7 5 
SLV00417 1915 12131 1322 239 123 30 132 4 12 2 124 70 27 11 235 97 49 72 22 35 13 13 12 
SLV00421 1895 4668 679 86 80 30 73 17 13 3 77 69 12 7 65 41 44 37 12 7 3 3 0 
SLV00425 1901 4537 466 33 12 28 82 8 24 10 43 59 18 4 53 35 9 19 7 8 5 5 4 
SLV00452 1903 8936 1207 171 79 20 173 31 17 26 127 109 36 22 150 82 48 52 21 25 6 6 6 
SLV00454 1904 9687 1287 186 75 10 160 15 19 35 141 198 26 25 134 101 53 38 36 18 6 6 5 
SLV00455 1904 9258 1052 115 71 34 144 7 27 6 152 121 28 7 127 46 19 49 37 33 8 8 13 
SLV00456 1910 4875 675 110 47 13 91 13 8 8 103 52 21 6 69 29 19 40 15 22 2 2 5 
SLV00458 1904 9328 1109 162 78 22 133 20 21 17 172 124 25 18 107 27 29 35 44 22 21 21 11 
SLV00459 1907 13715 1657 216 109 43 216 33 39 14 275 217 67 37 151 57 30 42 40 35 16 16 4 
SLV00460 1909 7618 1282 134 89 41 164 15 34 17 202 124 23 0 143 79 39 41 84 21 10 10 12 
SLV00461 1909 6214 943 147 51 39 132 28 18 5 150 89 33 4 61 20 25 28 76 20 7 7 3 
SLV00473 1895 8855 1122 184 77 44 104 20 8 12 86 111 31 5 139 99 57 63 42 19 7 7 7 
SLV00476 1917 4930 568 51 28 41 36 10 8 8 61 64 7 3 70 61 49 29 24 8 4 4 2 
SLV00478 1918 6619 903 146 60 27 128 7 17 2 73 48 27 6 109 86 38 63 19 22 8 8 9 
SLV00483 1913 18421 2347 389 156 75 301 30 46 13 283 249 53 31 317 95 95 106 30 48 11 11 8 
SLV00496 1904 9750 1103 143 63 53 97 26 16 3 89 105 43 17 96 95 96 51 33 37 11 11 18 
SLV00497 1903 4787 566 57 31 34 33 10 10 0 47 47 21 9 59 75 55 14 17 24 6 6 11 
SLV00498 1912 8440 775 117 34 34 52 11 20 3 60 55 15 13 86 70 105 33 11 17 16 16 7 
SLV00502 1905 5504 573 70 36 20 53 16 10 3 39 62 10 1 67 76 27 30 32 5 6 6 4 
SLV00506 1909 16207 1769 176 63 31 295 38 30 17 118 124 97 17 206 202 85 72 56 63 20 20 39 
SLV00526 1911 15919 1804 111 82 91 108 26 39 20 197 210 59 16 234 219 111 95 92 64 9 9 12 
SLV10001 1904 4319 486 46 40 15 33 5 13 2 39 4 4 2 65 135 23 33 4 12 4 4 3 
SLV10002 1876 5700 633 55 23 12 47 10 7 5 51 81 18 11 79 117 18 28 22 22 11 11 5 
SLV10003 1836 5992 872 128 55 14 103 16 12 1 105 89 21 7 109 52 14 42 26 8 24 24 22 
SLV10004 1905 5468 723 96 34 35 150 19 2 7 61 86 16 5 72 58 34 8 11 15 5 5 4 
SLV10005 1907 23124 1585 210 74 51 115 36 62 5 137 172 65 36 140 117 102 48 104 55 19 19 18 
SLV10006 1910 5992 1133 87 55 55 215 23 13 38 158 95 7 24 122 62 60 39 35 28 5 5 7 
SLV10007 1866 10854 1902 403 173 65 196 32 28 7 202 161 63 8 256 69 50 68 34 42 20 20 5 
SLV10008 1876 3424 594 89 50 25 59 8 13 4 66 62 26 4 64 34 31 17 25 8 4 4 1 
SLV10009 1876 5235 865 113 70 29 117 12 18 7 112 111 32 6 104 39 21 25 15 23 2 2 7 
SLV10010 1873 3162 481 57 32 16 72 9 11 5 72 53 13 5 56 17 16 4 10 19 6 6 2 
SLV10011 1877 3614 593 85 42 17 79 6 11 1 65 52 23 1 80 44 20 17 20 11 6 6 7 
SLV10012 1884 5532 546 58 26 0 125 8 33 19 66 58 11 16 60 11 6 3 15 19 4 4 4 
SLV10013 1904 3966 518 87 49 17 57 5 7 4 43 36 17 4 69 34 15 16 25 8 9 9 7 
SLV10014 1907 6049 1014 142 124 81 70 27 12 2 69 69 10 2 122 62 48 40 95 21 5 5 8 
SLV10015 1914 9003 1251 210 123 55 79 21 32 12 137 120 29 6 137 75 29 33 36 68 16 16 17 
SLV10016 1886 10952 1480 222 117 86 140 28 43 11 122 163 45 18 183 99 21 71 46 21 17 17 10 
SLV10017 1903 44507 6358 560 470 81 1044 57 108 94 772 1006 213 42 561 326 249 282 142 181 52 52 66 
SLV10018 1913 26876 3037 369 147 192 371 51 19 27 318 337 133 27 307 251 136 151 30 96 30 30 15 
SLV10019 1917 12615 1310 181 92 55 107 23 24 14 75 152 32 24 151 128 84 42 16 40 29 29 12 
SLV10020 1898 6316 977 117 93 30 128 15 21 8 107 103 27 9 99 59 42 35 41 21 8 8 6 
SLV10021 1896 3491 516 85 37 28 43 22 15 2 59 36 14 6 56 27 23 5 22 19 3 3 11 
SLV10022 1910 5123 554 57 43 22 61 4 3 6 74 44 9 9 62 65 26 15 34 10 4 4 2 
SLV10023 1870 4369 872 98 52 35 74 17 18 4 149 66 26 2 138 76 21 22 23 8 11 11 21 
SLV10024 1875 8136 1529 275 85 69 155 20 35 2 178 138 72 5 182 66 36 55 25 43 33 33 22 
SLV10025 1876 8358 1593 230 86 68 124 35 48 10 207 65 75 8 256 104 50 25 81 54 19 19 29 
SLV10026 1919 8941 1061 159 56 12 180 5 28 17 121 145 35 8 100 76 33 15 9 19 16 16 11 
SLV10027 1911 5360 678 85 34 29 97 2 14 11 67 83 35 11 77 24 41 27 4 11 10 10 6 
SLV10028 1889 8374 1002 106 62 51 104 29 29 16 105 118 20 6 128 42 54 60 13 24 9 9 17 
SLV10029 1889 4728 626 94 46 26 111 8 3 7 78 46 18 8 71 34 17 3 31 11 7 7 0 
SLV10030 1921 17360 1811 175 96 53 184 37 46 27 202 226 76 20 230 106 36 81 98 51 25 25 17 
SLV10031 1911 21369 3492 331 322 319 526 90 92 49 386 239 34 42 419 180 57 121 172 55 20 20 18 
SLV10032 1900 13907 2110 323 185 96 264 30 34 33 308 233 29 10 244 67 39 44 57 42 20 20 32 
SLV20001 1859 4418 521 53 34 2 92 2 7 7 54 55 12 0 83 39 23 14 14 15 6 6 3 
SLV20002 1884 4838 655 65 55 17 101 6 7 13 108 61 14 11 55 40 26 20 16 20 8 8 4 
SLV30001 1913 4403 740 97 88 29 80 3 4 1 62 76 5 1 114 50 39 30 41 14 1 1 4 
