0textId year verbs innerVerbs bemerken blicken brauchen denken erkennen fühlen hören lieben meinen mögen müssen sehen sollen vergessen vermögen verstehen wissen wollen 
DEU001.xml 1845 115128 14532 237 99 153 378 312 354 666 474 621 897 2202 1713 1815 303 144 282 1380 2502 
DEU002.xml 1853 8187 1126 5 3 26 38 16 20 64 7 32 38 217 143 109 18 6 18 105 261 
DEU003.xml 1859 11103 1684 22 13 15 71 20 49 56 6 68 154 209 266 171 19 3 34 178 330 
DEU004.xml 1859 6933 961 4 12 9 51 38 29 51 14 43 60 125 139 67 25 12 12 119 151 
DEU005.xml 1855 52782 8032 178 98 168 270 90 76 248 42 396 430 1338 950 966 74 44 116 774 1774 
DEU006.xml 1847 6526 949 30 16 8 58 8 15 23 38 37 31 131 121 123 17 3 32 106 152 
DEU007.xml 1841 9715 1313 15 13 15 61 29 1 51 64 95 81 177 279 112 14 16 7 112 171 
DEU008.xml 1843 3797 566 8 5 10 27 9 7 23 16 26 22 106 65 48 2 1 15 57 119 
DEU009.xml 1859 12018 1861 17 15 22 71 35 57 48 13 74 159 210 300 214 28 8 32 215 343 
DEU010.xml 1848 7003 859 34 16 6 41 14 62 20 33 25 40 92 98 73 12 5 45 86 157 
DEU011.xml 1855 40000 5054 59 47 80 237 85 185 252 37 139 119 638 1109 538 53 53 114 492 817 
DEU012.xml 1847 3061 442 7 5 5 8 7 14 18 32 12 20 73 78 34 6 5 13 24 81 
DEU013.xml 1856 9584 1441 4 1 38 69 11 19 70 9 54 50 230 166 117 25 0 24 190 364 
DEU014.xml 1840 14263 1996 27 13 16 61 29 65 50 60 102 133 294 329 218 53 17 35 179 315 
DEU015.xml 1840 21514 3807 6 0 34 267 40 177 109 84 218 228 528 402 397 45 24 88 335 825 
DEU016.xml 1846 21701 3020 58 21 45 97 53 40 163 43 99 190 450 451 332 33 15 41 277 612 
DEU017.xml 1843 4676 647 4 20 5 32 10 6 22 38 25 26 102 160 42 9 8 5 64 69 
DEU018.xml 1845 24488 3262 60 50 10 146 52 138 98 176 130 168 414 598 228 112 164 80 268 370 
DEU019.xml 1846 6940 936 9 7 14 46 33 10 35 23 76 55 140 231 60 15 8 8 83 83 
DEU020.xml 1846 15183 2186 24 12 34 82 38 110 66 176 165 140 294 251 195 55 11 75 208 250 
DEU021.xml 1843 14191 2157 44 17 27 102 22 138 63 161 77 125 247 302 215 32 97 29 172 287 
DEU022.xml 1844 13013 2212 7 8 20 98 16 83 66 171 116 142 280 226 273 42 16 68 163 417 
DEU023.xml 1841 4924 744 5 7 3 32 7 13 18 62 44 41 109 159 54 7 9 9 68 97 
DEU024.xml 1861 192823 24999 341 364 233 694 468 534 1868 697 487 1233 4062 4117 2607 289 77 562 2292 4074 
DEU025.xml 1855 42108 4982 68 146 96 260 116 166 294 92 184 300 574 948 500 58 60 88 404 628 
DEU026.xml 1879 10505 1587 18 7 24 62 41 37 55 26 88 83 314 224 171 30 18 56 128 205 
DEU027.xml 1876 9462 1036 14 26 18 89 6 29 44 38 68 45 98 158 83 7 26 36 99 152 
DEU028.xml 1871 11426 1451 25 22 34 49 19 59 60 56 92 103 141 267 157 27 15 41 161 123 
DEU029.xml 1879 18214 2686 18 20 64 128 18 40 98 138 248 130 276 390 244 26 22 30 428 368 
DEU030.xml 1864 106872 13359 138 231 102 648 276 537 639 315 570 591 1218 2925 1287 225 258 291 1386 1722 
DEU031.xml 1870 13672 1862 11 43 38 43 13 47 48 68 76 111 221 298 186 36 9 56 307 251 
DEU032.xml 1874 17948 1542 36 66 4 38 38 26 60 22 118 74 184 220 118 30 8 20 184 296 
DEU033.xml 1855 4033 533 8 12 7 13 5 34 29 43 25 31 54 72 57 8 10 14 57 54 
DEU034.xml 1879 11264 1514 46 11 18 70 36 26 70 27 72 70 214 264 161 27 18 26 175 183 
DEU035.xml 1878 56955 7546 168 46 66 216 168 182 406 290 190 414 970 1442 662 150 8 144 858 1166 
DEU036.xml 1880 69484 8324 149 72 115 335 127 285 289 143 580 451 1054 1785 642 164 95 196 718 1124 
DEU037.xml 1872 17720 2657 21 4 30 89 14 57 120 61 264 147 346 587 180 56 21 50 267 343 
DEU038.xml 1864 17225 2006 8 36 29 87 34 77 54 58 64 103 302 369 168 50 19 26 204 318 
DEU039.xml 1861 25504 3990 71 46 38 176 41 117 158 274 147 178 489 611 344 82 37 62 424 695 
DEU040.xml 1867 13752 1940 55 25 15 81 31 62 76 53 115 129 260 318 184 39 20 30 164 283 
DEU041.xml 1868 12034 1620 9 26 16 68 12 37 60 55 90 73 230 302 175 29 32 20 151 235 
DEU042.xml 1865 51800 6482 220 132 112 228 140 238 176 306 882 388 722 580 478 120 302 170 480 808 
DEU043.xml 1869 61994 10636 109 277 229 302 99 200 386 328 765 622 1512 1499 1035 93 54 185 1356 1585 
DEU044.xml 1876 24251 2994 27 50 41 123 70 56 111 100 171 101 347 547 426 56 21 23 225 499 
DEU045.xml 1865 12444 1139 0 27 19 21 33 0 37 20 52 76 174 236 119 7 18 9 104 187 
DEU046.xml 1879 4523 825 5 2 4 32 24 9 60 17 17 28 80 203 59 21 0 6 101 157 
DEU047.xml 1862 5804 657 9 24 9 23 6 30 42 22 29 41 69 105 65 10 25 10 64 74 
DEU048.xml 1880 271205 32898 89 435 204 2081 1393 730 1739 649 2028 1606 2252 6002 3125 427 1526 571 3017 5024 
DEU049.xml 1863 15450 1915 9 65 14 63 25 59 62 56 71 118 228 301 216 30 20 28 194 356 
DEU050.xml 1867 13657 1601 12 53 22 65 14 56 61 34 112 87 184 181 169 12 17 23 249 250 
DEU051.xml 1885 4202 678 2 0 11 40 8 2 24 9 13 24 100 149 64 8 0 30 73 121 
DEU052.xml 1880 7798 1238 23 6 15 56 7 6 59 33 34 33 236 252 77 20 2 28 112 239 
DEU053.xml 1884 7581 1190 7 4 10 49 21 26 68 47 32 47 142 235 113 13 1 21 132 222 
DEU054.xml 1898 42820 6472 106 26 168 324 98 114 338 116 376 250 890 1148 700 68 42 130 652 926 
DEU055.xml 1890 6987 985 8 5 50 73 5 39 17 67 7 73 184 52 72 24 21 12 103 173 
DEU056.xml 1889 12530 1870 36 16 15 81 26 106 30 78 39 69 339 211 201 42 11 75 177 318 
DEU057.xml 1896 19966 3226 24 50 60 198 16 124 88 300 194 208 312 380 314 42 0 70 336 510 
DEU058.xml 1881 5048 660 5 21 25 34 10 11 25 23 41 23 96 91 49 14 16 9 61 106 
DEU059.xml 1888 6733 1171 2 4 19 85 9 22 61 53 27 48 143 233 100 14 0 19 108 224 
DEU060.xml 1897 2611 385 2 8 6 32 5 11 15 9 31 32 47 46 32 4 7 8 26 64 
DEU061.xml 1888 30537 3701 50 44 53 190 88 174 138 133 151 253 486 481 383 56 44 140 302 535 
DEU062.xml 1895 33250 4806 26 134 92 154 72 82 158 74 322 286 568 680 506 30 38 186 426 972 
DEU063.xml 1894 4315 684 14 14 23 35 9 29 15 66 31 16 68 69 57 12 2 13 76 135 
DEU064.xml 1892 11946 1460 2 34 30 96 6 22 102 10 78 48 216 232 136 38 0 16 166 228 
DEU065.xml 1897 7667 1212 17 28 29 54 8 31 34 43 44 67 232 139 120 17 0 32 124 193 
DEU066.xml 1898 42530 6854 53 15 80 400 31 86 318 233 254 282 985 1169 749 63 0 152 822 1162 
DEU067.xml 1895 48296 6320 32 150 156 204 80 124 466 114 256 236 1154 1038 574 96 76 138 508 918 
DEU068.xml 1898 6178 663 19 11 18 20 9 4 15 7 59 52 85 84 55 7 11 29 79 99 
DEU069.xml 1888 11196 1279 13 60 9 63 19 29 32 26 44 28 227 167 141 28 32 34 102 225 
DEU070.xml 1882 5357 746 6 3 3 18 12 22 53 53 17 32 78 127 66 14 2 16 92 132 
DEU071.xml 1886 6822 944 5 1 13 20 6 20 47 26 22 64 135 203 81 12 0 20 102 167 
DEU072.xml 1887 5637 810 5 4 19 26 2 13 30 37 58 34 89 91 102 7 1 20 140 132 
DEU073.xml 1899 10976 1724 31 30 36 87 12 53 71 116 121 60 158 241 143 28 1 49 234 253 
DEU074.xml 1889 9978 1534 36 5 15 126 19 87 54 102 55 63 176 298 138 20 6 33 115 186 
DEU075.xml 1896 7063 1088 17 29 28 42 9 41 43 39 74 48 100 222 98 8 2 22 96 170 
DEU076.xml 1908 39624 5034 94 130 84 294 54 92 162 86 144 278 736 818 464 82 56 138 508 814 
DEU077.xml 1903 9213 1639 1 2 27 127 8 98 46 51 34 76 191 258 182 28 3 21 188 298 
DEU078.xml 1919 28718 3898 26 32 60 192 72 116 132 54 96 92 642 690 466 50 16 128 396 638 
DEU079.xml 1910 8427 1242 14 6 7 68 28 55 49 33 70 33 168 283 63 34 5 27 178 121 
DEU080.xml 1907 9280 1434 28 2 16 108 4 48 78 26 88 26 210 318 92 14 4 24 146 202 
DEU081.xml 1901 49226 6900 142 14 184 376 74 148 452 198 310 276 734 1298 626 84 36 202 742 1004 
DEU082.xml 1915 31784 3700 50 26 38 152 40 144 178 128 258 132 420 716 260 94 122 76 402 464 
DEU083.xml 1914 2358 345 0 3 1 11 12 12 11 31 16 25 51 62 20 4 2 5 31 48 
DEU084.xml 1909 24306 3096 37 1 95 141 67 77 204 56 144 102 400 620 299 12 21 75 275 470 
DEU085.xml 1914 48012 7190 10 12 172 154 78 48 430 116 306 342 1790 1178 680 56 8 156 548 1106 
DEU086.xml 1905 10850 1390 40 6 4 68 10 100 60 72 40 42 204 284 80 30 10 32 144 164 
DEU087.xml 1903 6035 868 1 5 11 40 12 49 47 26 26 60 137 122 81 13 13 23 97 105 
DEU088.xml 1906 4328 883 3 0 17 92 1 5 34 10 33 21 168 168 86 5 0 18 61 161 
DEU089.xml 1909 23153 2847 12 56 40 55 41 52 91 64 279 280 298 308 452 26 27 46 203 517 
DEU090.xml 1912 2712 507 1 0 12 32 4 12 14 28 31 25 79 35 54 8 1 12 68 91 
DEU091.xml 1918 4784 564 13 9 2 38 16 17 24 11 15 35 58 80 54 13 18 12 75 74 
DEU092.xml 1921 6137 981 5 6 21 81 9 16 19 22 26 37 172 161 82 7 2 16 113 186 
DEU093.xml 1920 4510 640 2 1 23 48 2 9 36 23 45 72 114 41 45 14 4 14 59 88 
DEU094.xml 1908 16468 2407 67 42 20 248 21 190 92 59 71 100 252 373 198 36 13 59 324 242 
DEU095.xml 1918 6829 724 12 4 31 15 1 16 25 14 59 11 104 157 63 4 2 31 85 90 
DEU096.xml 1915 10580 1580 21 41 18 64 20 61 85 14 103 56 216 278 133 22 12 61 174 201 
DEU097.xml 1911 6934 1064 29 5 14 62 1 45 50 44 86 19 147 167 80 9 1 31 98 176 
DEU098.xml 1913 5004 842 17 2 7 46 7 34 34 20 79 37 74 117 81 12 7 36 125 107 
DEU099.xml 1914 9832 1172 3 22 40 65 5 9 46 38 132 112 172 134 102 12 4 19 86 171 
DEU100.xml 1903 6596 825 8 12 14 40 6 19 30 37 43 25 83 159 83 18 12 12 79 145 
