0textId year verbs innerVerbs sehen:perception wollen:volition müssen:moral wissen:cognition sollen:moral mögen:affect meinen:cognition hören:cognition denken:cognition lieben:affect fühlen:affect verstehen:cognition erkennen:cognition vergessen:cognition brauchen:volition vermögen:volition blicken:perception bemerken:perception 
DEU001.xml 1845 115128 14532 1713 2502 2202 1380 1815 897 621 666 378 474 354 282 312 303 153 144 99 237 
DEU002.xml 1853 8187 1126 143 261 217 105 109 38 32 64 38 7 20 18 16 18 26 6 3 5 
DEU003 1859 11103 1684 266 330 209 178 171 154 68 56 71 6 49 34 20 19 15 3 13 22 
DEU004.xml 1859 6933 961 139 151 125 119 67 60 43 51 51 14 29 12 38 25 9 12 12 4 
DEU005.xml 1855 52782 8032 950 1774 1338 774 966 430 396 248 270 42 76 116 90 74 168 44 98 178 
DEU006.xml 1847 6526 949 121 152 131 106 123 31 37 23 58 38 15 32 8 17 8 3 16 30 
DEU007.xml 1841 9715 1313 279 171 177 112 112 81 95 51 61 64 1 7 29 14 15 16 13 15 
DEU008.xml 1843 3797 566 65 119 106 57 48 22 26 23 27 16 7 15 9 2 10 1 5 8 
DEU009.xml 1859 12018 1861 300 343 210 215 214 159 74 48 71 13 57 32 35 28 22 8 15 17 
DEU010.xml 1848 7003 859 98 157 92 86 73 40 25 20 41 33 62 45 14 12 6 5 16 34 
DEU011.xml 1855 40000 5054 1109 817 638 492 538 119 139 252 237 37 185 114 85 53 80 53 47 59 
DEU012.xml 1847 3061 442 78 81 73 24 34 20 12 18 8 32 14 13 7 6 5 5 5 7 
DEU013.xml 1856 9584 1441 166 364 230 190 117 50 54 70 69 9 19 24 11 25 38 0 1 4 
DEU014.xml 1840 14263 1996 329 315 294 179 218 133 102 50 61 60 65 35 29 53 16 17 13 27 
DEU015.xml 1840 21514 3807 402 825 528 335 397 228 218 109 267 84 177 88 40 45 34 24 0 6 
DEU016.xml 1846 21701 3020 451 612 450 277 332 190 99 163 97 43 40 41 53 33 45 15 21 58 
DEU017.xml 1843 4676 647 160 69 102 64 42 26 25 22 32 38 6 5 10 9 5 8 20 4 
DEU018.xml 1845 24488 3262 598 370 414 268 228 168 130 98 146 176 138 80 52 112 10 164 50 60 
DEU019.xml 1846 6940 936 231 83 140 83 60 55 76 35 46 23 10 8 33 15 14 8 7 9 
DEU020.xml 1846 15183 2186 251 250 294 208 195 140 165 66 82 176 110 75 38 55 34 11 12 24 
DEU021.xml 1843 14191 2157 302 287 247 172 215 125 77 63 102 161 138 29 22 32 27 97 17 44 
DEU022.xml 1844 13013 2212 226 417 280 163 273 142 116 66 98 171 83 68 16 42 20 16 8 7 
DEU023.xml 1841 4924 744 159 97 109 68 54 41 44 18 32 62 13 9 7 7 3 9 7 5 
DEU024.xml 1861 192823 24999 4117 4074 4062 2292 2607 1233 487 1868 694 697 534 562 468 289 233 77 364 341 
DEU025.xml 1855 42108 4982 948 628 574 404 500 300 184 294 260 92 166 88 116 58 96 60 146 68 
DEU026.xml 1879 10505 1587 224 205 314 128 171 83 88 55 62 26 37 56 41 30 24 18 7 18 
DEU027.xml 1876 9462 1036 158 152 98 99 83 45 68 44 89 38 29 36 6 7 18 26 26 14 
DEU028.xml 1871 11426 1451 267 123 141 161 157 103 92 60 49 56 59 41 19 27 34 15 22 25 
DEU029.xml 1879 18214 2686 390 368 276 428 244 130 248 98 128 138 40 30 18 26 64 22 20 18 
DEU030.xml 1864 106872 13359 2925 1722 1218 1386 1287 591 570 639 648 315 537 291 276 225 102 258 231 138 
DEU031.xml 1870 13672 1862 298 251 221 307 186 111 76 48 43 68 47 56 13 36 38 9 43 11 
DEU032.xml 1874 17948 1542 220 296 184 184 118 74 118 60 38 22 26 20 38 30 4 8 66 36 
DEU033.xml 1855 4033 533 72 54 54 57 57 31 25 29 13 43 34 14 5 8 7 10 12 8 
DEU034.xml 1879 11264 1514 264 183 214 175 161 70 72 70 70 27 26 26 36 27 18 18 11 46 
DEU035.xml 1878 56955 7546 1442 1166 970 858 662 414 190 406 216 290 182 144 168 150 66 8 46 168 
DEU036.xml 1880 69484 8324 1785 1124 1054 718 642 451 580 289 335 143 285 196 127 164 115 95 72 149 
DEU037.xml 1872 17720 2657 587 343 346 267 180 147 264 120 89 61 57 50 14 56 30 21 4 21 
DEU038.xml 1864 17225 2006 369 318 302 204 168 103 64 54 87 58 77 26 34 50 29 19 36 8 
DEU039.xml 1861 25504 3990 611 695 489 424 344 178 147 158 176 274 117 62 41 82 38 37 46 71 
DEU040.xml 1867 13752 1940 318 283 260 164 184 129 115 76 81 53 62 30 31 39 15 20 25 55 
DEU041.xml 1868 12034 1620 302 235 230 151 175 73 90 60 68 55 37 20 12 29 16 32 26 9 
DEU042.xml 1865 51800 6482 580 808 722 480 478 388 882 176 228 306 238 170 140 120 112 302 132 220 
DEU043.xml 1869 61994 10636 1499 1585 1512 1356 1035 622 765 386 302 328 200 185 99 93 229 54 277 109 
DEU044.xml 1876 24251 2994 547 499 347 225 426 101 171 111 123 100 56 23 70 56 41 21 50 27 
DEU045.xml 1865 12444 1139 236 187 174 104 119 76 52 37 21 20 0 9 33 7 19 18 27 0 
DEU046.xml 1879 4523 825 203 157 80 101 59 28 17 60 32 17 9 6 24 21 4 0 2 5 
DEU047.xml 1862 5804 657 105 74 69 64 65 41 29 42 23 22 30 10 6 10 9 25 24 9 
DEU048.xml 1880 271205 32898 6002 5024 2252 3017 3125 1606 2028 1739 2081 649 730 571 1393 427 204 1526 435 89 
DEU049.xml 1863 15450 1915 301 356 228 194 216 118 71 62 63 56 59 28 25 30 14 20 65 9 
DEU050.xml 1867 13657 1601 181 250 184 249 169 87 112 61 65 34 56 23 14 12 22 17 53 12 
DEU051.xml 1885 4202 678 149 121 100 73 64 24 13 24 40 9 2 30 8 8 11 0 0 2 
DEU052.xml 1880 7798 1238 252 239 236 112 77 33 34 59 56 33 6 28 7 20 15 2 6 23 
DEU053.xml 1884 7581 1190 235 222 142 132 113 47 32 68 49 47 26 21 21 13 10 1 4 7 
DEU054.xml 1898 42820 6472 1148 926 890 652 700 250 376 338 324 116 114 130 98 68 168 42 26 106 
DEU055.xml 1890 6987 985 52 173 184 103 72 73 7 17 73 67 39 12 5 24 50 21 5 8 
DEU056.xml 1889 12530 1870 211 318 339 177 201 69 39 30 81 78 106 75 26 42 15 11 16 36 
DEU057.xml 1896 19966 3226 380 510 312 336 314 208 194 88 198 300 124 70 16 42 60 0 50 24 
DEU058.xml 1881 5048 660 91 106 96 61 49 23 41 25 34 23 11 9 10 14 25 16 21 5 
DEU059.xml 1888 6733 1171 233 224 143 108 100 48 27 61 85 53 22 19 9 14 19 0 4 2 
DEU060.xml 1897 2611 385 46 64 47 26 32 32 31 15 32 9 11 8 5 4 6 7 8 2 
DEU061.xml 1888 30537 3701 481 535 486 302 383 253 151 138 190 133 174 140 88 56 53 44 44 50 
DEU062.xml 1895 33250 4806 680 972 568 426 506 286 322 158 154 74 82 186 72 30 92 38 134 26 
DEU063.xml 1894 4315 684 69 135 68 76 57 16 31 15 35 66 29 13 9 12 23 2 14 14 
DEU064.xml 1892 11946 1460 232 228 216 166 136 48 78 102 96 10 22 16 6 38 30 0 34 2 
DEU065.xml 1897 7667 1212 139 193 232 124 120 67 44 34 54 43 31 32 8 17 29 0 28 17 
DEU066.xml 1898 42530 6854 1169 1162 985 822 749 282 254 318 400 233 86 152 31 63 80 0 15 53 
DEU067.xml 1895 48296 6320 1038 918 1154 508 574 236 256 466 204 114 124 138 80 96 156 76 150 32 
DEU068.xml 1898 6178 663 84 99 85 79 55 52 59 15 20 7 4 29 9 7 18 11 11 19 
DEU069.xml 1888 11196 1279 167 225 227 102 141 28 44 32 63 26 29 34 19 28 9 32 60 13 
DEU070.xml 1882 5357 746 127 132 78 92 66 32 17 53 18 53 22 16 12 14 3 2 3 6 
DEU071.xml 1886 6822 944 203 167 135 102 81 64 22 47 20 26 20 20 6 12 13 0 1 5 
DEU072.xml 1887 5637 810 91 132 89 140 102 34 58 30 26 37 13 20 2 7 19 1 4 5 
DEU073.xml 1899 10976 1724 241 253 158 234 143 60 121 71 87 116 53 49 12 28 36 1 30 31 
DEU074.xml 1889 9978 1534 298 186 176 115 138 63 55 54 126 102 87 33 19 20 15 6 5 36 
DEU075.xml 1896 7063 1088 222 170 100 96 98 48 74 43 42 39 41 22 9 8 28 2 29 17 
DEU076.xml 1908 39624 5034 818 814 736 508 464 278 144 162 294 86 92 138 54 82 84 56 130 94 
DEU077.xml 1903 9213 1639 258 298 191 188 182 76 34 46 127 51 98 21 8 28 27 3 2 1 
DEU078.xml 1919 28718 3898 690 638 642 396 466 92 96 132 192 54 116 128 72 50 60 16 32 26 
DEU079.xml 1910 8427 1242 283 121 168 178 63 33 70 49 68 33 55 27 28 34 7 5 6 14 
DEU080.xml 1907 9280 1434 318 202 210 146 92 26 88 78 108 26 48 24 4 14 16 4 2 28 
DEU081.xml 1901 49226 6900 1298 1004 734 742 626 276 310 452 376 198 148 202 74 84 184 36 14 142 
DEU082.xml 1915 31784 3700 716 464 420 402 260 132 258 178 152 128 144 76 40 94 38 122 26 50 
DEU083.xml 1914 2358 345 62 48 51 31 20 25 16 11 11 31 12 5 12 4 1 2 3 0 
DEU084.xml 1909 24306 3096 620 470 400 275 299 102 144 204 141 56 77 75 67 12 95 21 1 37 
DEU085.xml 1914 48012 7190 1178 1106 1790 548 680 342 306 430 154 116 48 156 78 56 172 8 12 10 
DEU086.xml 1905 10850 1390 284 164 204 144 80 42 40 60 68 72 100 32 10 30 4 10 6 40 
DEU087.xml 1903 6035 868 122 105 137 97 81 60 26 47 40 26 49 23 12 13 11 13 5 1 
DEU088.xml 1906 4328 883 168 161 168 61 86 21 33 34 92 10 5 18 1 5 17 0 0 3 
DEU089.xml 1909 23153 2847 308 517 298 203 452 280 279 91 55 64 52 46 41 26 40 27 56 12 
DEU090.xml 1912 2712 507 35 91 79 68 54 25 31 14 32 28 12 12 4 8 12 1 0 1 
DEU091.xml 1918 4784 564 80 74 58 75 54 35 15 24 38 11 17 12 16 13 2 18 9 13 
DEU092.xml 1921 6137 981 161 186 172 113 82 37 26 19 81 22 16 16 9 7 21 2 6 5 
DEU093.xml 1920 4510 640 41 88 114 59 45 72 45 36 48 23 9 14 2 14 23 4 1 2 
DEU094.xml 1908 16468 2407 373 242 252 324 198 100 71 92 248 59 190 59 21 36 20 13 42 67 
DEU095.xml 1918 6829 724 157 90 104 85 63 11 59 25 15 14 16 31 1 4 31 2 4 12 
DEU096.xml 1915 10580 1580 278 201 216 174 133 56 103 85 64 14 61 61 20 22 18 12 41 21 
DEU097.xml 1911 6934 1064 167 176 147 98 80 19 86 50 62 44 45 31 1 9 14 1 5 29 
DEU098.xml 1913 5004 842 117 107 74 125 81 37 79 34 46 20 34 36 7 12 7 7 2 17 
DEU099.xml 1914 9832 1172 134 171 172 86 102 112 132 46 65 38 9 19 5 12 40 4 22 3 
DEU100.xml 1903 6596 825 159 145 83 79 83 25 43 30 40 37 19 12 6 18 14 12 12 8 
