0textId year verbs innerVerbs ver:perception querer:volition saber:cognition parecer:perception creer:cognition mirar:perception pensar:cognition sentir:physiology morir:physiology amar:affect necesitar:volition poder:volition llorar:affect desear:affect sufrir:physiology cumplir:moral deber:moral jurar:moral 
SPA1001 1844 12484 1237 295 170 145 184 59 74 84 44 56 34 9 8 12 6 28 17 8 4 
SPA1002 1852 6616 609 120 52 63 36 62 65 31 21 32 32 9 2 14 5 24 7 9 25 
SPA1003 1855 16272 1424 287 174 196 78 94 103 68 91 48 43 49 25 14 24 40 44 15 31 
SPA1004 1844 13576 2031 484 401 260 163 104 169 104 64 63 15 27 27 73 26 7 25 11 8 
SPA1005 1852 12562 1510 259 205 223 109 116 91 128 109 39 74 18 15 32 37 31 9 13 2 
SPA1006 1855 15477 1573 344 212 151 91 89 29 43 71 43 147 49 48 10 47 74 34 31 60 
SPA1007 1859 6806 929 169 132 91 137 66 56 19 55 52 51 9 6 29 8 32 6 5 6 
SPA1008 1856 28382 3225 644 381 502 347 318 153 230 100 80 85 51 40 51 104 27 50 25 37 
SPA1009 1840 1995 248 47 32 36 22 11 18 4 15 18 9 3 5 17 3 3 4 1 0 
SPA1010 1856 19296 2415 498 331 283 144 195 157 57 138 93 165 81 25 51 38 74 41 27 17 
SPA1011 1852 22474 2050 437 292 257 117 234 23 92 38 67 52 77 63 32 93 18 64 56 38 
SPA1012 1850 7093 874 231 125 97 59 44 75 29 45 47 37 4 7 21 3 21 12 6 11 
SPA1013 1842 7531 821 188 81 108 79 93 22 32 36 46 30 11 7 16 11 15 22 7 17 
SPA1014 1859 45609 5050 919 690 666 288 284 256 396 339 202 116 115 123 103 89 201 144 57 62 
SPA1015 1856 12518 1284 239 176 181 103 96 68 64 53 29 56 25 28 19 38 25 25 26 33 
SPA1016 1857 10141 1158 243 121 136 67 92 51 62 39 140 73 21 7 46 9 23 9 3 16 
SPA1017 1853 11291 1502 265 328 238 128 100 84 73 52 58 24 16 26 43 32 18 9 7 1 
SPA1018 1856 24102 2226 456 295 378 116 146 104 107 51 105 40 85 50 19 52 39 69 47 67 
SPA1021 1841 6759 931 190 91 81 100 57 45 38 49 40 92 19 10 49 20 24 8 12 6 
SPA1022 1842 10936 1432 241 174 155 136 154 57 82 75 34 123 39 11 40 37 25 12 21 16 
SPA1023 1857 2563 285 52 30 54 28 23 19 17 11 7 4 7 3 2 8 3 7 4 6 
SPA1024 1853 17930 2185 532 247 236 111 152 151 85 86 116 201 55 26 40 14 57 30 14 32 
SPA1025 1846 25457 3500 544 446 435 163 173 97 91 99 129 148 25 728 27 24 45 24 249 53 
SPA2001 1877 10480 1370 277 174 138 126 92 67 53 99 49 104 62 25 30 20 19 26 7 2 
SPA2002 1867 10360 1422 306 216 231 134 73 57 56 59 59 64 34 16 17 39 17 17 12 15 
SPA2003 1873 6742 809 217 96 100 134 76 24 24 34 29 3 16 15 7 6 8 9 5 6 
SPA2004 1875 13310 1561 299 179 227 100 174 93 74 63 88 55 48 20 46 32 12 12 16 23 
SPA2005 1874 3267 370 101 55 45 23 36 31 16 15 11 6 13 5 6 3 1 1 2 0 
SPA2006 1872 2799 453 111 66 74 34 32 47 19 16 15 3 4 2 5 5 15 3 1 1 
SPA2007 1872 5070 671 188 96 131 30 53 47 18 30 10 1 15 4 3 11 21 5 5 3 
SPA2008 1857 2695 262 75 47 21 19 16 18 11 10 16 4 3 4 2 4 3 2 6 1 
SPA2009 1878 7176 1157 328 152 137 143 71 90 50 80 30 11 12 11 20 8 6 2 2 4 
SPA2010 1874 1856 141 24 28 23 5 6 1 4 10 12 10 4 0 2 4 1 2 0 5 
SPA2011 1863 15476 1023 142 113 121 263 120 15 3 47 11 22 37 24 12 9 14 22 23 25 
SPA2012 1860 42652 5162 1297 622 683 232 356 359 269 276 159 124 193 197 44 63 105 84 73 26 
SPA2013 1862 28381 3182 577 436 457 229 237 203 236 147 63 83 116 53 22 56 117 85 34 31 
SPA2014 1875 7119 804 209 112 49 123 47 76 24 32 27 3 31 12 3 26 16 9 1 4 
SPA2015 1876 10570 1305 279 199 154 109 94 66 88 84 43 44 32 9 34 16 19 16 10 9 
SPA2016 1879 7041 827 145 108 101 48 67 38 64 60 32 82 10 5 9 20 5 23 9 1 
SPA2017 1874 6995 924 182 134 116 70 70 47 59 63 19 73 12 11 12 19 8 14 14 1 
SPA2018 1876 7437 1030 170 121 132 81 48 82 38 79 53 57 35 9 34 21 41 14 6 9 
SPA2019 1875 14718 1839 367 305 237 127 164 71 107 108 46 163 18 16 15 32 11 29 18 5 
SPA2020 1879 10925 1164 315 134 183 62 73 81 85 45 16 6 45 9 17 15 2 32 23 21 
SPA2021 1878 63088 7963 1597 1016 1517 391 851 237 277 348 156 358 187 165 98 207 167 163 104 124 
SPA2022 1865 15052 2032 409 300 266 131 136 92 110 99 72 150 33 31 58 65 37 17 25 1 
SPA3001 1887 57203 8370 2054 1367 1161 812 615 691 466 428 176 36 106 98 95 105 24 65 28 43 
SPA3002 1884 38579 5955 1062 887 874 538 529 298 580 471 164 65 138 60 92 35 23 34 50 55 
SPA3003 1890 10451 1588 275 190 232 154 113 71 215 130 47 41 30 11 27 11 6 9 13 13 
SPA3004 1886 10848 1059 260 109 123 136 59 85 82 66 20 6 31 13 19 17 11 13 2 7 
SPA3005 1887 11439 1282 294 172 174 155 68 117 89 78 34 5 22 14 21 9 9 10 4 7 
SPA3006 1881 2897 351 62 57 48 14 19 24 14 16 36 3 9 7 18 6 4 5 5 4 
SPA3007 1885 13769 1546 382 220 262 102 74 150 90 77 13 3 32 23 21 22 6 23 19 27 
SPA3008 1895 15043 1710 468 136 248 219 89 110 91 96 31 5 55 24 32 41 7 22 12 24 
SPA3009 1894 10622 1308 262 140 127 140 77 119 120 110 42 15 31 7 38 17 37 10 7 9 
SPA3010 1898 6509 721 181 66 63 105 36 57 36 66 27 2 7 2 30 16 16 4 2 5 
SPA3011 1894 2310 284 73 33 38 25 16 18 19 16 6 3 11 3 9 2 3 6 1 2 
SPA3012 1880 15741 1072 233 117 121 168 115 33 45 62 4 6 47 7 1 19 14 16 46 18 
SPA3013 1890 16568 1562 365 194 145 201 136 179 78 79 36 9 29 13 57 15 8 8 7 3 
SPA3014 1890 4919 509 122 69 71 52 45 10 19 22 7 19 11 12 8 10 5 12 7 8 
SPA3015 1885 4284 663 82 97 98 99 40 50 54 29 29 24 13 11 12 4 8 2 4 7 
SPA3016 1896 9082 1267 199 243 170 119 74 89 51 89 56 12 27 24 33 26 33 7 6 9 
SPA3017 1881 4251 616 111 69 83 58 32 37 21 69 33 37 8 12 7 16 16 6 0 1 
SPA3018 1897 9126 691 160 54 73 96 73 11 33 28 32 18 14 3 3 36 28 20 8 1 
SPA3019 1885 4176 505 107 53 73 51 36 42 52 23 8 13 7 4 8 9 13 2 3 1 
SPA3020 1887 15096 1591 340 291 272 85 72 124 86 90 47 17 35 14 48 22 14 19 2 13 
SPA3021 1891 4523 461 87 52 75 54 49 18 22 9 28 3 7 3 15 6 11 12 5 5 
SPA3022 1890 17170 1699 369 234 262 141 114 162 106 108 36 10 41 13 19 27 19 21 9 8 
SPA3023 1889 5152 640 168 89 76 49 31 43 36 27 38 18 15 11 17 3 10 5 3 1 
SPA3024 1892 5169 547 165 94 64 28 48 28 25 34 1 6 10 3 17 16 2 1 2 3 
SPA3025 1885 6049 955 147 196 147 50 30 83 58 63 20 29 24 12 47 10 27 4 1 7 
SPA3026 1886 1574 220 55 29 22 19 19 13 18 22 6 0 2 2 5 1 4 1 1 1 
SPA3027 1883 8595 962 298 159 124 87 32 96 42 14 28 2 12 8 27 4 1 9 12 7 
SPA3028 1881 13085 1259 256 183 196 70 93 66 40 47 77 19 21 15 71 31 41 20 9 4 
SPA3029 1882 8636 938 142 116 104 83 59 61 43 42 20 16 24 142 6 17 5 9 36 13 
SPA4001 1910 1961 254 52 26 46 17 16 22 14 15 9 2 2 0 14 2 9 4 4 0 
SPA4002 1910 6769 938 184 126 111 122 53 144 33 53 23 17 8 6 25 12 5 6 2 8 
SPA4003 1914 7865 1391 208 230 220 108 152 90 110 74 93 9 11 11 35 14 10 2 6 8 
SPA4004 1914 12135 1210 283 199 185 53 94 120 81 45 27 3 17 11 37 8 19 10 7 11 
SPA4005 1903 3034 288 50 36 35 45 14 32 3 36 7 5 3 2 7 4 1 4 0 4 
SPA4006 1915 1345 86 17 18 8 4 6 5 6 4 0 1 6 3 0 0 2 4 0 2 
SPA4007 1909 5249 471 88 69 34 57 28 25 28 44 25 9 10 4 18 11 10 6 3 2 
SPA4008 1905 5326 550 92 61 50 33 36 46 47 52 35 12 17 4 13 14 26 4 4 4 
SPA4009 1902 3044 382 62 54 47 49 24 36 12 30 22 7 1 6 17 4 7 0 1 3 
SPA4010 1909 3608 340 84 29 48 33 15 71 9 20 9 5 0 4 7 2 0 1 1 2 
SPA4011 1900 5226 631 110 100 89 51 43 48 35 40 9 11 20 8 22 13 16 5 1 10 
SPA4012 1915 4192 578 86 57 70 84 29 93 23 30 30 7 14 4 25 1 7 5 5 8 
SPA4013 1919 4030 526 97 62 64 43 22 73 30 48 48 5 6 4 9 7 3 4 1 0 
SPA4014 1918 7131 842 150 128 125 105 49 47 44 81 21 6 16 13 13 8 7 13 2 14 
SPA4015 1917 4338 792 85 195 121 45 78 52 50 42 33 7 15 13 13 6 20 2 6 9 
SPA4016 1902 4789 727 114 139 96 48 55 80 58 28 37 6 11 12 24 2 6 4 7 0 
SPA4017 1900 23105 2730 482 365 442 213 225 166 234 148 79 9 118 24 38 18 20 27 53 69 
SPA4018 1902 14925 1456 285 163 200 121 150 73 108 93 48 12 38 21 23 25 36 33 8 19 
SPA4019 1903 8355 854 185 106 147 76 62 55 35 47 29 17 17 18 33 5 11 2 4 5 
SPA4020 1917 8394 1140 233 116 101 150 65 76 46 134 55 22 24 16 25 25 34 12 4 2 
SPA4021 1917 12615 956 220 170 108 77 43 63 76 43 28 2 27 12 16 6 16 28 12 9 
SPA4022 1907 4801 579 90 83 89 41 64 15 13 28 55 16 29 4 9 18 8 8 2 7 
SPA4023 1914 10963 1198 235 188 226 94 76 45 105 55 24 1 20 19 7 21 35 24 22 1 
SPA4024 1908 13731 1580 452 199 166 173 119 82 77 101 41 8 36 4 21 50 28 11 4 8 
SPA4025 1905 15252 1129 256 181 137 94 75 46 55 37 55 21 11 22 17 42 11 31 14 24 
SPA4026 1909 3597 393 70 76 54 25 41 31 17 26 3 7 7 5 14 12 2 0 2 1 
