0textId year verbs innerVerbs accepter aimer apercevoir attendre compter connaître craindre croire devoir engager entendre espérer essayer falloir manquer oser refuser regarder savoir sentir souffrir trouver valoir voir vouloir 
FRA00101 1860 3889 456 2 17 3 11 8 9 3 28 27 5 22 1 2 57 9 7 2 18 52 7 1 47 6 83 29 
FRA00102 1883 5499 665 4 112 4 19 3 21 10 38 38 1 16 4 17 30 5 8 4 17 55 54 23 30 8 77 67 
FRA00201 1910 7577 862 0 26 24 30 12 20 6 41 27 2 75 8 14 33 12 16 6 96 63 34 5 93 0 128 91 
FRA00301 1858 16808 1348 19 35 46 79 29 52 25 69 102 7 62 27 8 51 20 14 9 46 153 30 20 122 10 143 170 
FRA00302 1894 25832 2436 34 101 53 160 43 120 38 134 160 22 105 44 40 106 37 24 30 79 262 69 24 212 36 269 234 
FRA00401 1902 5818 529 3 15 13 13 12 44 4 43 40 9 28 0 4 25 8 10 2 7 69 8 0 47 4 76 45 
FRA00501 1853 7013 858 7 72 20 26 17 27 4 37 62 4 31 9 3 25 12 4 7 35 107 22 11 67 9 121 119 
FRA00502 1851 18918 2116 26 94 33 45 37 115 10 100 167 12 87 14 22 108 22 9 20 95 194 49 15 199 50 336 257 
FRA00503 1854 15418 1545 6 49 49 49 26 47 13 58 187 4 68 15 16 40 29 18 17 84 146 27 16 155 13 257 156 
FRA00601 1881 19582 2144 19 72 46 87 36 145 25 140 135 6 80 46 18 128 51 30 24 61 303 16 8 109 23 304 232 
FRA00602 1886 21013 2279 22 55 53 124 65 117 32 152 144 45 113 61 36 109 50 28 30 57 245 35 19 181 49 242 215 
FRA00701 1852 10877 1386 6 79 8 16 25 19 13 55 30 4 54 5 4 154 35 13 16 31 120 21 26 114 22 238 278 
FRA00801 1843 8715 1115 8 88 37 46 7 29 30 68 60 17 48 18 15 72 13 24 29 46 92 15 17 75 2 134 125 
FRA00901 1868 14870 1812 11 90 43 57 16 51 5 104 62 11 131 8 24 115 21 28 9 130 170 68 15 112 13 303 215 
FRA01002 1919 6261 632 2 36 15 20 4 19 0 22 32 0 26 3 16 41 2 10 0 57 88 47 6 32 3 96 55 
FRA01101 1890 9315 1112 9 105 20 26 9 33 10 78 63 1 44 9 8 59 14 14 10 49 141 44 29 67 5 145 120 
FRA01102 1889 4568 450 1 37 10 14 7 13 3 24 30 0 15 3 3 35 6 8 1 24 40 15 18 40 1 59 43 
FRA01201 1868 25167 2198 12 105 21 86 29 96 13 111 120 22 127 19 39 160 29 10 11 151 261 33 8 129 30 330 246 
FRA01202 1857 18700 1663 9 41 24 55 28 58 8 79 101 19 152 10 32 105 19 11 9 53 210 38 12 104 30 254 202 
FRA01203 1845 14089 1324 9 39 53 53 19 42 19 96 82 12 70 19 13 96 11 8 17 49 154 42 17 89 12 158 145 
FRA01301 1869 25514 2373 24 99 120 97 23 108 19 143 158 22 103 16 11 110 53 21 33 106 188 92 23 197 36 305 266 
FRA01302 1857 20331 1959 11 89 100 62 23 64 9 95 86 17 130 12 26 146 35 20 16 136 162 101 21 154 22 250 172 
FRA01303 1862 17198 1315 14 16 140 53 10 31 12 75 58 18 83 12 8 73 27 16 17 87 75 69 15 111 9 149 137 
FRA01401 1877 6653 621 5 18 11 39 4 10 6 17 15 0 28 3 5 39 20 9 5 43 64 18 7 44 4 96 111 
FRA01402 1874 7638 702 2 52 20 18 4 22 5 32 23 6 47 21 12 35 5 5 5 38 57 17 3 52 5 148 68 
FRA01403 1881 12145 1405 23 87 20 67 20 79 19 65 54 15 73 16 10 87 22 13 12 59 173 18 18 76 10 205 164 
FRA01501 1912 11901 1160 10 75 20 38 9 58 30 80 53 11 63 13 8 82 6 8 14 38 96 59 14 95 13 171 96 
FRA01601 1887 21095 1882 13 130 59 77 14 43 19 144 104 21 125 9 19 105 23 31 26 136 145 37 21 59 15 277 230 
FRA01602 1893 9400 788 5 44 22 30 5 19 9 47 63 4 51 9 6 29 3 17 9 46 79 12 12 28 11 128 100 
FRA01603 1900 5251 409 2 20 10 10 2 13 3 25 27 3 28 3 6 20 4 9 6 11 44 3 4 17 2 75 62 
FRA01701 1847 6897 639 1 40 9 18 4 20 7 33 59 7 20 6 12 43 21 4 5 30 51 22 11 52 2 103 59 
FRA01801 1844 34881 4032 53 192 65 164 38 143 72 332 404 70 155 90 9 283 43 62 54 41 449 81 73 241 49 529 340 
FRA01902 1869 51157 4984 41 106 149 230 83 164 63 288 501 33 276 95 73 314 54 100 73 86 596 131 59 328 47 588 506 
FRA02001 1912 4024 381 4 27 13 11 7 12 1 14 39 3 25 4 6 28 6 5 5 13 16 6 3 28 2 54 49 
FRA02101 1854 13800 1873 17 296 26 53 14 59 22 104 90 17 58 17 12 118 10 41 16 96 169 51 38 100 22 205 222 
FRA02201 1888 8713 992 10 58 11 24 9 35 20 50 71 7 34 21 9 70 21 10 13 18 111 20 11 84 10 176 89 
FRA02202 1867 8069 910 14 29 21 24 12 29 10 47 61 15 51 12 8 53 17 9 8 32 63 30 3 69 5 191 97 
FRA02203 1876 8320 894 19 52 7 37 9 42 9 50 57 7 38 15 12 58 25 10 12 13 70 17 24 63 15 149 84 
FRA02301 1888 11680 1417 12 178 27 41 17 46 16 76 97 3 29 15 11 59 20 13 20 78 159 73 20 86 11 164 146 
FRA02302 1878 10692 1270 20 134 25 30 8 34 13 65 90 7 42 10 9 64 8 16 25 92 116 84 16 96 7 134 125 
FRA02303 1878 9997 1139 9 62 22 52 7 32 13 57 64 2 48 11 12 67 24 20 15 61 108 52 17 93 15 143 133 
FRA02401 1904 4162 321 4 11 11 13 6 13 1 14 26 2 5 1 3 22 3 0 5 23 27 10 5 34 7 34 41 
FRA02501 1883 12168 1195 5 39 15 75 14 33 4 35 48 2 78 6 35 76 14 16 5 101 105 77 8 86 4 234 80 
FRA02601 1869 13695 1516 13 27 39 38 19 33 10 81 81 9 109 12 10 123 20 25 12 78 129 75 12 118 11 221 211 
FRA02602 1878 24246 2802 15 58 64 93 23 74 23 134 230 19 184 29 13 229 39 35 8 164 282 80 12 275 22 344 353 
FRA02603 1888 21307 2423 44 62 22 86 34 83 36 163 227 15 82 31 14 163 32 20 29 92 199 53 17 246 28 332 313 
FRA02701 1885 21029 2382 28 116 92 104 28 89 12 76 111 11 102 25 19 146 18 32 28 189 201 135 16 189 21 300 294 
FRA02702 1883 14083 1385 3 64 67 69 9 51 18 64 48 4 57 7 14 73 7 23 22 111 112 120 18 83 14 155 172 
FRA02802 1883 9767 951 3 68 26 40 15 36 9 51 42 1 49 2 5 62 20 18 4 25 144 30 1 42 6 148 104 
FRA02901 1903 9864 1133 3 135 13 29 5 44 7 49 50 0 40 4 19 31 2 8 4 98 99 110 35 59 3 176 110 
FRA03001 1885 21898 2144 11 63 43 74 26 59 44 94 149 29 116 33 30 150 19 41 15 96 194 62 35 159 21 342 239 
FRA03002 1890 10041 952 13 83 19 31 16 31 14 57 46 6 32 10 18 49 8 7 3 63 90 40 22 56 11 124 103 
FRA03003 1894 9476 913 15 20 7 29 21 45 19 46 52 9 31 11 15 75 15 6 10 32 97 23 6 72 15 140 102 
FRA03101 1852 12349 1221 10 133 34 42 8 26 13 92 35 11 54 12 21 47 12 17 15 63 78 51 10 92 5 167 173 
FRA03201 1887 14384 1327 19 26 32 49 29 43 18 55 123 10 83 20 5 76 21 23 22 32 143 31 10 130 29 128 170 
FRA03302 1865 9819 978 11 73 19 26 9 51 9 62 71 6 35 8 9 57 21 13 13 38 78 26 15 66 9 118 135 
FRA03401 1855 7176 657 3 16 25 41 7 20 7 33 44 5 42 7 13 36 13 13 5 51 66 10 6 57 2 87 48 
FRA03601 1913 32131 3774 12 226 99 81 34 294 22 264 242 12 187 29 34 104 31 41 27 98 383 189 47 338 26 630 324 
FRA03701 1872 20879 2882 28 160 21 63 60 110 64 180 170 33 114 32 20 194 31 25 31 82 376 69 50 178 23 393 375 
FRA03702 1867 17901 2560 46 287 24 63 30 68 44 203 166 12 59 13 28 201 27 29 12 57 298 105 50 112 19 274 333 
FRA03704 1840 24589 2893 52 204 22 72 29 87 64 222 148 22 100 35 39 170 44 38 26 78 328 112 60 200 12 398 331 
FRA03802 1846 12355 1363 16 54 41 43 7 39 20 97 61 11 64 15 23 57 15 40 18 46 136 84 25 110 6 214 121 
FRA03903 1878 9169 1084 19 61 15 24 7 27 12 43 59 3 58 7 8 99 20 19 5 46 106 44 14 99 7 161 121 
FRA04001 1878 21756 2026 18 18 47 59 57 65 60 97 297 21 98 34 25 176 73 11 12 65 172 44 13 161 37 196 170 
FRA04002 1898 9891 972 8 16 44 53 21 46 12 61 98 8 76 8 18 53 14 6 11 20 106 16 3 50 26 119 79 
FRA04102 1863 10439 1254 5 36 12 28 7 30 10 53 66 1 100 6 5 102 11 12 11 183 90 20 15 36 11 295 109 
FRA04202 1912 107801 12608 96 1181 235 362 108 555 95 684 426 29 642 46 192 654 208 197 119 759 1272 694 343 812 110 1389 1400 
FRA04301 1847 32868 3170 19 196 59 178 66 96 38 156 162 26 203 27 12 182 29 22 19 181 286 93 51 165 31 521 352 
FRA04401 1916 22238 1920 3 9 28 72 25 45 2 85 59 17 112 6 40 208 7 15 2 160 239 45 6 77 8 499 151 
FRA04501 1908 4826 485 6 21 5 15 5 23 8 32 28 1 18 2 1 25 9 1 4 20 35 26 1 30 5 107 57 
FRA04601 1907 15953 1522 15 82 41 54 16 68 11 82 81 14 85 16 23 84 20 12 21 85 134 52 35 60 11 234 186 
FRA04701 1919 8219 825 14 58 15 17 10 39 7 44 42 2 45 5 8 53 12 5 10 44 93 33 13 42 13 118 83 
FRA04801 1909 6305 746 5 65 5 36 3 35 4 41 47 1 34 6 8 62 15 6 4 12 88 47 5 37 7 81 92 
FRA04901 1845 41867 4294 24 207 88 312 56 103 60 303 211 19 255 55 84 171 68 54 31 234 429 72 28 264 30 645 491 
FRA05101 1904 7532 604 2 29 4 26 9 20 5 42 36 13 33 3 4 39 13 7 7 12 46 27 4 47 22 91 63 
FRA05201 1856 5485 625 6 36 13 20 2 16 6 64 68 2 41 9 9 31 7 3 10 19 75 19 6 27 5 78 53 
FRA05301 1906 9585 912 2 3 73 32 9 28 11 70 85 5 67 4 12 61 10 9 2 73 45 27 2 72 2 147 61 
FRA05401 1849 20794 2867 17 223 82 92 19 115 47 187 174 11 93 63 8 170 32 44 15 168 240 53 17 197 23 356 421 
FRA05501 1910 8512 678 10 6 14 24 6 34 7 26 63 14 42 3 17 43 8 5 10 19 85 24 1 83 9 83 42 
FRA05602 1904 35191 3519 51 185 65 139 52 144 67 271 289 13 156 38 43 106 48 54 40 143 412 93 54 230 38 416 372 
FRA05702 1857 32835 3326 30 89 60 198 44 140 34 189 154 10 197 37 41 165 50 40 40 176 404 101 45 176 34 575 297 
FRA05801 1912 9370 1079 8 40 25 31 9 43 3 62 59 9 54 1 7 89 14 9 9 48 180 26 3 49 11 147 143 
FRA05901 1907 13026 988 9 41 21 42 7 22 10 24 46 3 111 4 8 67 8 23 7 69 79 71 13 67 16 166 54 
FRA06001 1902 10417 1171 9 63 25 37 5 40 29 67 84 6 59 15 29 60 16 19 3 37 116 43 21 59 7 176 146 
FRA06101 1848 10892 1135 12 83 23 31 13 41 10 83 94 13 40 10 10 40 21 10 8 42 128 62 24 64 16 165 92 
FRA06201 1845 8686 800 4 49 28 39 9 40 21 45 55 8 62 11 3 41 10 19 2 12 62 19 19 51 1 91 99 
FRA06301 1884 29071 3289 55 200 52 161 58 182 28 195 235 22 136 37 20 222 32 18 45 89 315 76 47 335 10 381 338 
FRA06401 1876 27168 2833 50 137 52 105 35 99 18 186 210 16 157 45 41 129 44 62 32 95 325 99 69 147 16 342 322 
FRA06501 1897 9603 1287 11 120 44 23 13 33 11 118 52 1 58 16 4 61 4 13 7 100 167 22 16 62 8 189 134 
FRA06601 1902 12898 1409 20 157 16 35 9 51 21 110 90 6 54 16 6 90 12 18 23 67 115 43 27 67 29 172 155 
FRA06701 1882 10840 1141 33 34 22 41 23 41 17 54 41 5 33 8 24 94 26 34 17 51 121 55 12 63 11 151 130 
FRA06801 1861 13591 1429 24 90 16 55 17 49 21 83 112 9 58 16 15 108 19 19 13 27 191 20 10 76 12 176 193 
FRA06901 1879 16301 2058 33 160 13 100 30 74 15 82 140 16 66 20 22 165 15 23 15 53 231 112 21 140 23 254 235 
FRA07001 1892 4658 383 2 20 8 11 1 11 7 27 21 1 35 5 5 9 8 8 2 28 46 16 2 16 3 55 36 
FRA07101 1856 7760 821 13 51 12 15 7 21 14 41 63 3 40 15 10 48 13 6 13 24 59 3 22 96 3 106 123 
FRA07201 1886 14192 1503 12 47 32 65 34 69 15 68 142 16 67 27 64 82 22 11 16 25 137 51 11 159 9 157 165 
FRA07301 1853 9094 985 11 84 28 40 11 24 8 50 50 5 41 10 22 42 8 9 13 52 95 21 26 72 8 134 121 
FRA07401 1910 20841 1910 23 54 47 100 18 113 17 95 114 21 94 16 18 130 15 17 18 82 245 44 7 130 31 255 206 
FRA07501 1897 27972 3381 23 149 73 110 23 103 21 216 194 20 157 58 29 286 44 38 41 67 464 52 24 193 48 475 473 
FRA07601 1913 40461 4414 17 157 161 231 30 198 33 249 290 13 440 34 39 200 37 41 25 246 514 54 25 318 16 655 391 
